Line	OP	L	M
0	inc	0	6
1	lit	0	3
2	sto	0	3
3	lit	0	2
4	sto	0	0
5	jmp	0	21
6	inc	0	5
7	lit	0	5
8	sto	0	4
9	lit	0	4
10	opr	0	2
11	sto	2	1
12	opr	0	0
13	inc	0	5
14	lit	0	9
15	sto	0	4
16	lit	0	4
17	opr	0	3
18	sto	1	2
19	cal	0	6
20	opr	0	0
21	lit	0	1
22	cal	0	13
23	sio	0	3



		pc	bp	sp	stack
Initial values	0	999	1000
0 inc 0 6	1	999	994	0 0 0 0 0 0 
1 lit 0 3	2	999	993	0 0 0 0 0 0 3 
2 sto 0 3	3	999	994	0 0 0 3 0 0 
3 lit 0 2	4	999	993	0 0 0 3 0 0 2 
4 sto 0 0	5	999	994	2 0 0 3 0 0 
5 jmp 0 21	21	999	994	2 0 0 3 0 0 
21 lit 0 1	22	999	993	2 0 0 3 0 0 1 
22 cal 0 13	13	992	993	2 0 0 3 0 0 1 
13 inc 0 5	14	992	988	2 0 0 3 0 0 1 | 0 999 999 23 0 
14 lit 0 9	15	992	987	2 0 0 3 0 0 1 | 0 999 999 23 0 9 
15 sto 0 4	16	992	988	2 0 0 3 0 0 1 | 0 999 999 23 9 
16 lit 0 4	17	992	987	2 0 0 3 0 0 1 | 0 999 999 23 9 4 
17 opr 0 3	18	992	988	2 0 0 3 0 0 1 | 0 999 999 23 5 
18 sto 1 2	19	992	989	2 0 5 3 0 0 1 | 0 999 999 23 
19 cal 0 6	6	988	989	2 0 5 3 0 0 1 | 0 999 999 23 
6 inc 0 5	7	988	984	2 0 5 3 0 0 1 | 0 999 999 23 | 0 992 992 20 0 
7 lit 0 5	8	988	983	2 0 5 3 0 0 1 | 0 999 999 23 | 0 992 992 20 0 5 
8 sto 0 4	9	988	984	2 0 5 3 0 0 1 | 0 999 999 23 | 0 992 992 20 5 
9 lit 0 4	10	988	983	2 0 5 3 0 0 1 | 0 999 999 23 | 0 992 992 20 5 4 
10 opr 0 2	11	988	984	2 0 5 3 0 0 1 | 0 999 999 23 | 0 992 992 20 9 
11 sto 2 1	12	988	985	2 9 5 3 0 0 1 | 0 999 999 23 | 0 992 992 20 
12 opr 0 0	20	992	989	2 9 5 3 0 0 1 | 0 999 999 23 
20 opr 0 0	23	999	993	2 9 5 3 0 0 1 
23 sio 0 3	24	999	993	2 9 5 3 0 0 1 
