Lexeme Table:
lexeme          token type
const           28
x               2
=               9
1               3
,               17
b               2
=               9
4               3
;               18
var             29
m               2
,               17
j               2
;               18
begin           21
m               2
:=              20
b               2
*               6
(               15
x               2
+               4
7               3
)               16
;               18
read            32
j               2
;               18
if              23
m               2
>=              14
j               2
+               4
b               2
then            24
j               2
:=              20
j               2
*               6
2               3
;               18
while           25
j               2
>               13
m               2
do              26
j               2
:=              20
j               2
-               5
1               3
;               18
write           31
m               2
;               18
end             22
.               19


Lexeme List:
28 2 x 9 3 1 17 2 b 9 3 4 18 29 2 m 17 2 j 18 21 2 m 20 2 b 6 15 2 x 4 3 7 16 18 32 2 j 18 23 2 m 14 2 j 4 2 b 24 2 j 20 2 j 6 3 2 18 25 2 j 13 2 m 26 2 j 20 2 j 5 3 1 18 31 2 m 18 22 19

NO GRAMATICAL ERRORS DETECTED
=============================

Line    OP      L       M
0       inc     0       6
1       lit     0       4
2       lit     0       1
3       lit     0       7
4       opr     0       2
5       opr     0       4
6       sto     0       4
7       sio     0       2
8       sto     0       5
9       lod     0       4
10      lod     0       5
11      lit     0       4
12      opr     0       2
13      opr     0       13
14      jpc     0       19
15      lod     0       5
16      lit     0       2
17      opr     0       4
18      sto     0       5
19      lod     0       5
20      lod     0       4
21      opr     0       12
22      jpc     0       28
23      lod     0       5
24      lit     0       1
25      opr     0       3
26      sto     0       5
27      jmp     0       19
28      lod     0       4
29      sio     0       1
30      sio     0       3
TOKENS:
28 2 9 3 17 2 9 3 18 29 2 17 2 18 21 2 20 2 6 15 2 4 3 16 18 32 2 18 23 2 14 2 4 2 24 2 20 2 6 3 18 25 2 13 2 26 2 20 2 5 3 18 31 2 18 22 19



                pc      bp      sp      stack
Initial values  0       999     1000
0 inc 0 6       1       999     994     0 0 0 0 0 0
1 lit 0 4       2       999     993     0 0 0 0 0 0 4
2 lit 0 1       3       999     992     0 0 0 0 0 0 4 1
3 lit 0 7       4       999     991     0 0 0 0 0 0 4 1 7
4 opr 0 2       5       999     992     0 0 0 0 0 0 4 8
5 opr 0 4       6       999     993     0 0 0 0 0 0 32
6 sto 0 4       7       999     994     0 0 0 0 32 0
7 sio 0 2	      8       999     993     0 0 0 0 32 0 8
8 sto 0 5       9       999     994     0 0 0 0 32 8
9 lod 0 4       10      999     993     0 0 0 0 32 8 32
10 lod 0 5      11      999     992     0 0 0 0 32 8 32 8
11 lit 0 4      12      999     991     0 0 0 0 32 8 32 8 4
12 opr 0 2      13      999     992     0 0 0 0 32 8 32 12
13 opr 0 13     14      999     993     0 0 0 0 32 8 1
14 jpc 0 19     15      999     994     0 0 0 0 32 8
15 lod 0 5      16      999     993     0 0 0 0 32 8 8
16 lit 0 2      17      999     992     0 0 0 0 32 8 8 2
17 opr 0 4      18      999     993     0 0 0 0 32 8 16
18 sto 0 5      19      999     994     0 0 0 0 32 16
19 lod 0 5      20      999     993     0 0 0 0 32 16 16
20 lod 0 4      21      999     992     0 0 0 0 32 16 16 32
21 opr 0 12     22      999     993     0 0 0 0 32 16 0
22 jpc 0 28     28      999     994     0 0 0 0 32 16
28 lod 0 4      29      999     993     0 0 0 0 32 16 32
29 sio 0 1      30      999     994     0 0 0 0 32 16
30 sio 0 3      31      999     994     0 0 0 0 32 16
